  0 	9 	4 	5 	
  1.1547 	1.1547 	1.1547 	4.04145 	
  2.92783 	11.6031 	1.96392 	12.567 	
At:
  -1 	0 	0 	0 	
  0 	-1 	0 	0 	
  0 	0 	-1 	0 	
  0 	0 	0 	1 	

Cumulative:
  -1 	0 	0 	0 	
  0 	-1 	0 	0 	
  0 	0 	-1 	0 	
  0 	0 	0 	1 	

Vertices:
  0 	-9 	-4 	-5 	
  -2 	-2 	-2 	-7 	
  0 	0 	5 	0 	
  1 	1 	1 	1 	

At:
  -1 	0 	0 	0 	
  0 	-1 	0 	0 	
  0 	0 	-1 	0 	
  0 	0 	0 	1 	

Cumulative:
  1 	0 	0 	0 	
  0 	1 	0 	0 	
  0 	0 	1 	0 	
  0 	0 	0 	1 	

Vertices:
  0 	9 	4 	5 	
  2 	2 	2 	7 	
  0 	0 	-5 	0 	
  1 	1 	1 	1 	

At:
  -1 	0 	0 	0 	
  0 	-1 	0 	0 	
  0 	0 	-1 	0 	
  0 	0 	0 	1 	

Cumulative:
  -1 	0 	0 	0 	
  0 	-1 	0 	0 	
  0 	0 	-1 	0 	
  0 	0 	0 	1 	

Vertices:
  0 	-9 	-4 	-5 	
  -2 	-2 	-2 	-7 	
  0 	0 	5 	0 	
  1 	1 	1 	1 	

At:
  -1 	0 	0 	0 	
  0 	-1 	0 	0 	
  0 	0 	-1 	0 	
  0 	0 	0 	1 	

Cumulative:
  1 	0 	0 	0 	
  0 	1 	0 	0 	
  0 	0 	1 	0 	
  0 	0 	0 	1 	

Vertices:
  0 	9 	4 	5 	
  2 	2 	2 	7 	
  0 	0 	-5 	0 	
  1 	1 	1 	1 	

At:
  -1 	0 	0 	0 	
  0 	-1 	0 	0 	
  0 	0 	-1 	0 	
  0 	0 	0 	1 	

Cumulative:
  -1 	0 	0 	0 	
  0 	-1 	0 	0 	
  0 	0 	-1 	0 	
  0 	0 	0 	1 	

Vertices:
  0 	-9 	-4 	-5 	
  -2 	-2 	-2 	-7 	
  0 	0 	5 	0 	
  1 	1 	1 	1 	

At:
  -1 	0 	0 	0 	
  0 	-1 	0 	0 	
  0 	0 	-1 	0 	
  0 	0 	0 	1 	

Cumulative:
  1 	0 	0 	0 	
  0 	1 	0 	0 	
  0 	0 	1 	0 	
  0 	0 	0 	1 	

Vertices:
  0 	9 	4 	5 	
  2 	2 	2 	7 	
  0 	0 	-5 	0 	
  1 	1 	1 	1 	

At:
  0.540302 	0 	-0.841471 	0 	
  0 	1 	0 	0 	
  0.841471 	0 	0.540302 	0 	
  0 	0 	0 	1 	

Cumulative:
  0.540302 	0 	-0.841471 	0 	
  0 	1 	0 	0 	
  0.841471 	0 	0.540302 	0 	
  0 	0 	0 	1 	

Vertices:
  0 	4.86272 	6.36856 	2.70151 	
  2 	2 	2 	7 	
  0 	7.57324 	0.664372 	4.20735 	
  1 	1 	1 	1 	

At:
  0.540302 	0 	-0.841471 	0 	
  0 	1 	0 	0 	
  0.841471 	0 	0.540302 	0 	
  0 	0 	0 	1 	

Cumulative:
  -0.416147 	0 	-0.909297 	0 	
  0 	1 	0 	0 	
  0.909297 	0 	-0.416147 	0 	
  0 	0 	0 	1 	

Vertices:
  0 	-3.74532 	2.8819 	-2.08073 	
  2 	2 	2 	7 	
  0 	8.18368 	5.71792 	4.54649 	
  1 	1 	1 	1 	

At:
  0.540302 	0 	-0.841471 	0 	
  0 	1 	0 	0 	
  0.841471 	0 	0.540302 	0 	
  0 	0 	0 	1 	

Cumulative:
  -0.989992 	0 	-0.14112 	0 	
  0 	1 	0 	0 	
  0.14112 	0 	-0.989992 	0 	
  0 	0 	0 	1 	

Vertices:
  0 	-8.90993 	-3.25437 	-4.94996 	
  2 	2 	2 	7 	
  0 	1.27008 	5.51444 	0.7056 	
  1 	1 	1 	1 	

At:
  0.540302 	0 	-0.841471 	0 	
  0 	1 	0 	0 	
  0.841471 	0 	0.540302 	0 	
  0 	0 	0 	1 	

Cumulative:
  -0.653644 	0 	0.756802 	0 	
  0 	1 	0 	0 	
  -0.756802 	0 	-0.653644 	0 	
  0 	0 	0 	1 	

Vertices:
  0 	-5.88279 	-6.39859 	-3.26822 	
  2 	2 	2 	7 	
  0 	-6.81122 	0.241008 	-3.78401 	
  1 	1 	1 	1 	

At:
  0.540302 	0 	-0.841471 	0 	
  0 	1 	0 	0 	
  0.841471 	0 	0.540302 	0 	
  0 	0 	0 	1 	

Cumulative:
  0.283662 	0 	0.958924 	0 	
  0 	1 	0 	0 	
  -0.958924 	0 	0.283662 	0 	
  0 	0 	0 	1 	

Vertices:
  0 	2.55296 	-3.65997 	1.41831 	
  2 	2 	2 	7 	
  0 	-8.63032 	-5.25401 	-4.79462 	
  1 	1 	1 	1 	

At:
  0.540302 	0 	-0.841471 	0 	
  0 	1 	0 	0 	
  0.841471 	0 	0.540302 	0 	
  0 	0 	0 	1 	

Cumulative:
  0.96017 	0 	0.279415 	0 	
  0 	1 	0 	0 	
  -0.279415 	0 	0.96017 	0 	
  0 	0 	0 	1 	

Vertices:
  0 	8.64153 	2.4436 	4.80085 	
  2 	2 	2 	7 	
  0 	-2.51474 	-5.91851 	-1.39708 	
  1 	1 	1 	1 	

At:
  0.540302 	0 	-0.841471 	0 	
  0 	1 	0 	0 	
  0.841471 	0 	0.540302 	0 	
  0 	0 	0 	1 	

Cumulative:
  0.753902 	0 	-0.656987 	0 	
  0 	1 	0 	0 	
  0.656987 	0 	0.753902 	0 	
  0 	0 	0 	1 	

Vertices:
  0 	6.78512 	6.30054 	3.76951 	
  2 	2 	2 	7 	
  0 	5.91288 	-1.14156 	3.28493 	
  1 	1 	1 	1 	

At:
  0.540302 	0 	-0.841471 	0 	
  0 	1 	0 	0 	
  0.841471 	0 	0.540302 	0 	
  0 	0 	0 	1 	

Cumulative:
  -0.1455 	0 	-0.989358 	0 	
  0 	1 	0 	0 	
  0.989358 	0 	-0.1455 	0 	
  0 	0 	0 	1 	

Vertices:
  0 	-1.3095 	4.36479 	-0.7275 	
  2 	2 	2 	7 	
  0 	8.90422 	4.68493 	4.94679 	
  1 	1 	1 	1 	

At:
  0.540302 	0 	-0.841471 	0 	
  0 	1 	0 	0 	
  0.841471 	0 	0.540302 	0 	
  0 	0 	0 	1 	

Cumulative:
  -0.91113 	0 	-0.412118 	0 	
  0 	1 	0 	0 	
  0.412118 	0 	-0.91113 	0 	
  0 	0 	0 	1 	

Vertices:
  0 	-8.20017 	-1.58393 	-4.55565 	
  2 	2 	2 	7 	
  0 	3.70907 	6.20413 	2.06059 	
  1 	1 	1 	1 	

At:
  0.540302 	0 	-0.841471 	0 	
  0 	1 	0 	0 	
  0.841471 	0 	0.540302 	0 	
  0 	0 	0 	1 	

Cumulative:
  -0.839072 	0 	0.544021 	0 	
  0 	1 	0 	0 	
  -0.544021 	0 	-0.839072 	0 	
  0 	0 	0 	1 	

Vertices:
  0 	-7.55164 	-6.07639 	-4.19536 	
  2 	2 	2 	7 	
  0 	-4.89619 	2.01927 	-2.72011 	
  1 	1 	1 	1 	

At:
  0.540302 	0 	-0.841471 	0 	
  0 	1 	0 	0 	
  0.841471 	0 	0.540302 	0 	
  0 	0 	0 	1 	

Cumulative:
  0.0044257 	0 	0.99999 	0 	
  0 	1 	0 	0 	
  -0.99999 	0 	0.0044257 	0 	
  0 	0 	0 	1 	

Vertices:
  0 	0.0398313 	-4.98225 	0.0221285 	
  2 	2 	2 	7 	
  0 	-8.99991 	-4.02209 	-4.99995 	
  1 	1 	1 	1 	

At:
  0.540302 	0 	-0.841471 	0 	
  0 	1 	0 	0 	
  0.841471 	0 	0.540302 	0 	
  0 	0 	0 	1 	

Cumulative:
  0.843854 	0 	0.536573 	0 	
  0 	1 	0 	0 	
  -0.536573 	0 	0.843854 	0 	
  0 	0 	0 	1 	

Vertices:
  0 	7.59469 	0.692551 	4.21927 	
  2 	2 	2 	7 	
  0 	-4.82916 	-6.36556 	-2.68286 	
  1 	1 	1 	1 	

At:
  0.540302 	0 	-0.841471 	0 	
  0 	1 	0 	0 	
  0.841471 	0 	0.540302 	0 	
  0 	0 	0 	1 	

Cumulative:
  0.907447 	0 	-0.420167 	0 	
  0 	1 	0 	0 	
  0.420167 	0 	0.907447 	0 	
  0 	0 	0 	1 	

Vertices:
  0 	8.16702 	5.73062 	4.53723 	
  2 	2 	2 	7 	
  0 	3.7815 	-2.85657 	2.10084 	
  1 	1 	1 	1 	

At:
  0.540302 	0 	-0.841471 	0 	
  0 	1 	0 	0 	
  0.841471 	0 	0.540302 	0 	
  0 	0 	0 	1 	

Cumulative:
  0.136737 	0 	-0.990607 	0 	
  0 	1 	0 	0 	
  0.990607 	0 	0.136737 	0 	
  0 	0 	0 	1 	

Vertices:
  0 	1.23063 	5.49999 	0.683686 	
  2 	2 	2 	7 	
  0 	8.91547 	3.27874 	4.95304 	
  1 	1 	1 	1 	

At:
  0.540302 	0 	-0.841471 	0 	
  0 	1 	0 	0 	
  0.841471 	0 	0.540302 	0 	
  0 	0 	0 	1 	

Cumulative:
  -0.759688 	0 	-0.650288 	0 	
  0 	1 	0 	0 	
  0.650288 	0 	-0.759688 	0 	
  0 	0 	0 	1 	

Vertices:
  0 	-6.83719 	0.212688 	-3.79844 	
  2 	2 	2 	7 	
  0 	5.85259 	6.39959 	3.25144 	
  1 	1 	1 	1 	

At:
  0.540302 	0 	-0.841471 	0 	
  0 	1 	0 	0 	
  0.841471 	0 	0.540302 	0 	
  0 	0 	0 	1 	

Cumulative:
  -0.957659 	0 	0.287903 	0 	
  0 	1 	0 	0 	
  -0.287903 	0 	-0.957659 	0 	
  0 	0 	0 	1 	

Vertices:
  0 	-8.61894 	-5.27015 	-4.7883 	
  2 	2 	2 	7 	
  0 	-2.59113 	3.63668 	-1.43952 	
  1 	1 	1 	1 	

At:
  0.540302 	0 	-0.841471 	0 	
  0 	1 	0 	0 	
  0.841471 	0 	0.540302 	0 	
  0 	0 	0 	1 	

Cumulative:
  -0.275163 	0 	0.961397 	0 	
  0 	1 	0 	0 	
  -0.961397 	0 	-0.275163 	0 	
  0 	0 	0 	1 	

Vertices:
  0 	-2.47647 	-5.90764 	-1.37582 	
  2 	2 	2 	7 	
  0 	-8.65258 	-2.46977 	-4.80699 	
  1 	1 	1 	1 	

At:
  0.540302 	0 	-0.841471 	0 	
  0 	1 	0 	0 	
  0.841471 	0 	0.540302 	0 	
  0 	0 	0 	1 	

Cumulative:
  0.660317 	0 	0.750987 	0 	
  0 	1 	0 	0 	
  -0.750987 	0 	0.660317 	0 	
  0 	0 	0 	1 	

Vertices:
  0 	5.94285 	-1.11367 	3.30158 	
  2 	2 	2 	7 	
  0 	-6.75889 	-6.30553 	-3.75494 	
  1 	1 	1 	1 	

At:
  0.540302 	0 	-0.841471 	0 	
  0 	1 	0 	0 	
  0.841471 	0 	0.540302 	0 	
  0 	0 	0 	1 	

Cumulative:
  0.988705 	0 	-0.149877 	0 	
  0 	1 	0 	0 	
  0.149877 	0 	0.988705 	0 	
  0 	0 	0 	1 	

Vertices:
  0 	8.89834 	4.7042 	4.94352 	
  2 	2 	2 	7 	
  0 	1.34889 	-4.34401 	0.749386 	
  1 	1 	1 	1 	

At:
  0.540302 	0 	-0.841471 	0 	
  0 	1 	0 	0 	
  0.841471 	0 	0.540302 	0 	
  0 	0 	0 	1 	

Cumulative:
  0.408082 	0 	-0.912945 	0 	
  0 	1 	0 	0 	
  0.912945 	0 	0.408082 	0 	
  0 	0 	0 	1 	

Vertices:
  0 	3.67274 	6.19705 	2.04041 	
  2 	2 	2 	7 	
  0 	8.21651 	1.61137 	4.56473 	
  1 	1 	1 	1 	

At:
  0.540302 	0 	-0.841471 	0 	
  0 	1 	0 	0 	
  0.841471 	0 	0.540302 	0 	
  0 	0 	0 	1 	

Cumulative:
  -0.547729 	0 	-0.836656 	0 	
  0 	1 	0 	0 	
  0.836656 	0 	-0.547729 	0 	
  0 	0 	0 	1 	

Vertices:
  0 	-4.92956 	1.99236 	-2.73865 	
  2 	2 	2 	7 	
  0 	7.5299 	6.08527 	4.18328 	
  1 	1 	1 	1 	

At:
  0.540302 	0 	-0.841471 	0 	
  0 	1 	0 	0 	
  0.841471 	0 	0.540302 	0 	
  0 	0 	0 	1 	

Cumulative:
  -0.999961 	0 	0.00885131 	0 	
  0 	1 	0 	0 	
  -0.00885131 	0 	-0.999961 	0 	
  0 	0 	0 	1 	

Vertices:
  0 	-8.99965 	-4.0441 	-4.9998 	
  2 	2 	2 	7 	
  0 	-0.0796618 	4.9644 	-0.0442565 	
  1 	1 	1 	1 	

At:
  0.540302 	0 	-0.841471 	0 	
  0 	1 	0 	0 	
  0.841471 	0 	0.540302 	0 	
  0 	0 	0 	1 	

Cumulative:
  -0.532833 	0 	0.84622 	0 	
  0 	1 	0 	0 	
  -0.84622 	0 	-0.532833 	0 	
  0 	0 	0 	1 	

Vertices:
  0 	-4.7955 	-6.36243 	-2.66417 	
  2 	2 	2 	7 	
  0 	-7.61598 	-0.720717 	-4.2311 	
  1 	1 	1 	1 	

At:
  1 	0 	0 	0 	
  0 	1 	0 	0 	
  -0 	0 	1 	0 	
  0 	0 	0 	1 	

Cumulative:
  1 	0 	0 	0 	
  0 	1 	0 	0 	
  0 	0 	1 	0 	
  0 	0 	0 	1 	

Vertices:
  0 	9 	4 	5 	
  2 	2 	2 	7 	
  0 	0 	-5 	0 	
  1 	1 	1 	1 	

At:
  1 	0 	0 	0 	
  0 	0.82 	0 	0 	
  0 	0 	1 	0 	
  0 	0 	0 	1 	

Cumulative:
  1 	0 	0 	0 	
  0 	0.82 	0 	0 	
  0 	0 	1 	0 	
  0 	0 	0 	1 	

Vertices:
  0 	9 	4 	5 	
  1.64 	1.64 	1.64 	5.74 	
  0 	0 	-5 	0 	
  1 	1 	1 	1 	

At:
  1 	0 	0 	0 	
  0 	1 	0 	0 	
  -0 	0 	1 	0 	
  0 	0 	0 	1 	

Cumulative:
  1 	0 	0 	0 	
  0 	0.82 	0 	0 	
  0 	0 	1 	0 	
  0 	0 	0 	1 	

Vertices:
  0 	9 	4 	5 	
  1.64 	1.64 	1.64 	5.74 	
  0 	0 	-5 	0 	
  1 	1 	1 	1 	

At:
  1 	0 	0 	0 	
  0 	1 	0 	0 	
  -0 	0 	1 	0 	
  0 	0 	0 	1 	

Cumulative:
  1 	0 	0 	0 	
  0 	0.82 	0 	0 	
  0 	0 	1 	0 	
  0 	0 	0 	1 	

Vertices:
  0 	9 	4 	5 	
  1.64 	1.64 	1.64 	5.74 	
  0 	0 	-5 	0 	
  1 	1 	1 	1 	

At:
  1 	0 	0 	0 	
  0 	1 	0 	0 	
  -0 	0 	1 	0 	
  0 	0 	0 	1 	

Cumulative:
  1 	0 	0 	0 	
  0 	0.82 	0 	0 	
  0 	0 	1 	0 	
  0 	0 	0 	1 	

Vertices:
  0 	9 	4 	5 	
  1.64 	1.64 	1.64 	5.74 	
  0 	0 	-5 	0 	
  1 	1 	1 	1 	

At:
  1 	0 	0 	0 	
  0 	1 	0 	0 	
  -0 	0 	1 	0 	
  0 	0 	0 	1 	

Cumulative:
  1 	0 	0 	0 	
  0 	0.82 	0 	0 	
  0 	0 	1 	0 	
  0 	0 	0 	1 	

Vertices:
  0 	9 	4 	5 	
  1.64 	1.64 	1.64 	5.74 	
  0 	0 	-5 	0 	
  1 	1 	1 	1 	

At:
  1 	0 	0 	0 	
  0 	1 	0 	0 	
  -0 	0 	1 	0 	
  0 	0 	0 	1 	

Cumulative:
  1 	0 	0 	0 	
  0 	0.82 	0 	0 	
  0 	0 	1 	0 	
  0 	0 	0 	1 	

Vertices:
  0 	9 	4 	5 	
  1.64 	1.64 	1.64 	5.74 	
  0 	0 	-5 	0 	
  1 	1 	1 	1 	

At:
  1 	0 	0 	0 	
  0 	1 	0 	0 	
  -0 	0 	1 	0 	
  0 	0 	0 	1 	

Cumulative:
  1 	0 	0 	0 	
  0 	0.82 	0 	0 	
  0 	0 	1 	0 	
  0 	0 	0 	1 	

Vertices:
  0 	9 	4 	5 	
  1.64 	1.64 	1.64 	5.74 	
  0 	0 	-5 	0 	
  1 	1 	1 	1 	

At:
  1 	0 	0 	0 	
  0 	1 	0 	0 	
  -0 	0 	1 	0 	
  0 	0 	0 	1 	

Cumulative:
  1 	0 	0 	0 	
  0 	0.82 	0 	0 	
  0 	0 	1 	0 	
  0 	0 	0 	1 	

Vertices:
  0 	9 	4 	5 	
  1.64 	1.64 	1.64 	5.74 	
  0 	0 	-5 	0 	
  1 	1 	1 	1 	

At:
  1 	0 	0 	0 	
  0 	1 	0 	0 	
  -0 	0 	1 	0 	
  0 	0 	0 	1 	

Cumulative:
  1 	0 	0 	0 	
  0 	0.82 	0 	0 	
  0 	0 	1 	0 	
  0 	0 	0 	1 	

Vertices:
  0 	9 	4 	5 	
  1.64 	1.64 	1.64 	5.74 	
  0 	0 	-5 	0 	
  1 	1 	1 	1 	

At:
  1 	0 	0 	0 	
  0 	1 	0 	0 	
  -0 	0 	1 	0 	
  0 	0 	0 	1 	

Cumulative:
  1 	0 	0 	0 	
  0 	0.82 	0 	0 	
  0 	0 	1 	0 	
  0 	0 	0 	1 	

Vertices:
  0 	9 	4 	5 	
  1.64 	1.64 	1.64 	5.74 	
  0 	0 	-5 	0 	
  1 	1 	1 	1 	

At:
  1 	0 	0 	0 	
  0 	1 	0 	0 	
  -0 	0 	1 	0 	
  0 	0 	0 	1 	

Cumulative:
  1 	0 	0 	0 	
  0 	0.82 	0 	0 	
  0 	0 	1 	0 	
  0 	0 	0 	1 	

Vertices:
  0 	9 	4 	5 	
  1.64 	1.64 	1.64 	5.74 	
  0 	0 	-5 	0 	
  1 	1 	1 	1 	

At:
  1 	0 	0 	0 	
  0 	1 	0 	0 	
  -0 	0 	1 	0 	
  0 	0 	0 	1 	

Cumulative:
  1 	0 	0 	0 	
  0 	0.82 	0 	0 	
  0 	0 	1 	0 	
  0 	0 	0 	1 	

Vertices:
  0 	9 	4 	5 	
  1.64 	1.64 	1.64 	5.74 	
  0 	0 	-5 	0 	
  1 	1 	1 	1 	

At:
  1 	0 	0 	0 	
  0 	1 	0 	0 	
  -0 	0 	1 	0 	
  0 	0 	0 	1 	

Cumulative:
  1 	0 	0 	0 	
  0 	0.82 	0 	0 	
  0 	0 	1 	0 	
  0 	0 	0 	1 	

Vertices:
  0 	9 	4 	5 	
  1.64 	1.64 	1.64 	5.74 	
  0 	0 	-5 	0 	
  1 	1 	1 	1 	

At:
  1 	0 	0 	0 	
  0 	1 	0 	0 	
  -0 	0 	1 	0 	
  0 	0 	0 	1 	

Cumulative:
  1 	0 	0 	0 	
  0 	0.82 	0 	0 	
  0 	0 	1 	0 	
  0 	0 	0 	1 	

Vertices:
  0 	9 	4 	5 	
  1.64 	1.64 	1.64 	5.74 	
  0 	0 	-5 	0 	
  1 	1 	1 	1 	

At:
  1 	0 	0 	0 	
  0 	1 	0 	0 	
  -0 	0 	1 	0 	
  0 	0 	0 	1 	

Cumulative:
  1 	0 	0 	0 	
  0 	0.82 	0 	0 	
  0 	0 	1 	0 	
  0 	0 	0 	1 	

Vertices:
  0 	9 	4 	5 	
  1.64 	1.64 	1.64 	5.74 	
  0 	0 	-5 	0 	
  1 	1 	1 	1 	

At:
  1 	0 	0 	0 	
  0 	1 	0 	0 	
  -0 	0 	1 	0 	
  0 	0 	0 	1 	

Cumulative:
  1 	0 	0 	0 	
  0 	0.82 	0 	0 	
  0 	0 	1 	0 	
  0 	0 	0 	1 	

Vertices:
  0 	9 	4 	5 	
  1.64 	1.64 	1.64 	5.74 	
  0 	0 	-5 	0 	
  1 	1 	1 	1 	

At:
  1 	0 	0 	0 	
  0 	1 	0 	0 	
  -0 	0 	1 	0 	
  0 	0 	0 	1 	

Cumulative:
  1 	0 	0 	0 	
  0 	0.82 	0 	0 	
  0 	0 	1 	0 	
  0 	0 	0 	1 	

Vertices:
  0 	9 	4 	5 	
  1.64 	1.64 	1.64 	5.74 	
  0 	0 	-5 	0 	
  1 	1 	1 	1 	

At:
  1 	0 	0 	0 	
  0 	1 	0 	0 	
  -0 	0 	1 	0 	
  0 	0 	0 	1 	

Cumulative:
  1 	0 	0 	0 	
  0 	0.82 	0 	0 	
  0 	0 	1 	0 	
  0 	0 	0 	1 	

Vertices:
  0 	9 	4 	5 	
  1.64 	1.64 	1.64 	5.74 	
  0 	0 	-5 	0 	
  1 	1 	1 	1 	

At:
  1 	0 	0 	0 	
  0 	1 	0 	0 	
  -0 	0 	1 	0 	
  0 	0 	0 	1 	

Cumulative:
  1 	0 	0 	0 	
  0 	0.82 	0 	0 	
  0 	0 	1 	0 	
  0 	0 	0 	1 	

Vertices:
  0 	9 	4 	5 	
  1.64 	1.64 	1.64 	5.74 	
  0 	0 	-5 	0 	
  1 	1 	1 	1 	

At:
  1 	0 	0 	0 	
  0 	1 	0 	0 	
  -0 	0 	1 	0 	
  0 	0 	0 	1 	

Cumulative:
  1 	0 	0 	0 	
  0 	0.82 	0 	0 	
  0 	0 	1 	0 	
  0 	0 	0 	1 	

Vertices:
  0 	9 	4 	5 	
  1.64 	1.64 	1.64 	5.74 	
  0 	0 	-5 	0 	
  1 	1 	1 	1 	

At:
  1 	0 	0 	0 	
  0 	1 	0 	0 	
  -0 	0 	1 	0 	
  0 	0 	0 	1 	

Cumulative:
  1 	0 	0 	0 	
  0 	0.82 	0 	0 	
  0 	0 	1 	0 	
  0 	0 	0 	1 	

Vertices:
  0 	9 	4 	5 	
  1.64 	1.64 	1.64 	5.74 	
  0 	0 	-5 	0 	
  1 	1 	1 	1 	

At:
  1 	0 	0 	0 	
  0 	1 	0 	0 	
  -0 	0 	1 	0 	
  0 	0 	0 	1 	

Cumulative:
  1 	0 	0 	0 	
  0 	0.82 	0 	0 	
  0 	0 	1 	0 	
  0 	0 	0 	1 	

Vertices:
  0 	9 	4 	5 	
  1.64 	1.64 	1.64 	5.74 	
  0 	0 	-5 	0 	
  1 	1 	1 	1 	

At:
  1 	0 	0 	0 	
  0 	1 	0 	0 	
  -0 	0 	1 	0 	
  0 	0 	0 	1 	

Cumulative:
  1 	0 	0 	0 	
  0 	0.82 	0 	0 	
  0 	0 	1 	0 	
  0 	0 	0 	1 	

Vertices:
  0 	9 	4 	5 	
  1.64 	1.64 	1.64 	5.74 	
  0 	0 	-5 	0 	
  1 	1 	1 	1 	

At:
  1 	0 	0 	0 	
  0 	1 	0 	0 	
  -0 	0 	1 	0 	
  0 	0 	0 	1 	

Cumulative:
  1 	0 	0 	0 	
  0 	0.82 	0 	0 	
  0 	0 	1 	0 	
  0 	0 	0 	1 	

Vertices:
  0 	9 	4 	5 	
  1.64 	1.64 	1.64 	5.74 	
  0 	0 	-5 	0 	
  1 	1 	1 	1 	

At:
  1 	0 	0 	0 	
  0 	1 	0 	0 	
  -0 	0 	1 	0 	
  0 	0 	0 	1 	

Cumulative:
  1 	0 	0 	0 	
  0 	0.82 	0 	0 	
  0 	0 	1 	0 	
  0 	0 	0 	1 	

Vertices:
  0 	9 	4 	5 	
  1.64 	1.64 	1.64 	5.74 	
  0 	0 	-5 	0 	
  1 	1 	1 	1 	

At:
  1 	0 	0 	0 	
  0 	1 	0 	0 	
  -0 	0 	1 	0 	
  0 	0 	0 	1 	

Cumulative:
  1 	0 	0 	0 	
  0 	0.82 	0 	0 	
  0 	0 	1 	0 	
  0 	0 	0 	1 	

Vertices:
  0 	9 	4 	5 	
  1.64 	1.64 	1.64 	5.74 	
  0 	0 	-5 	0 	
  1 	1 	1 	1 	

At:
  1 	0 	0 	0 	
  0 	1 	0 	0 	
  -0 	0 	1 	0 	
  0 	0 	0 	1 	

Cumulative:
  1 	0 	0 	0 	
  0 	0.82 	0 	0 	
  0 	0 	1 	0 	
  0 	0 	0 	1 	

Vertices:
  0 	9 	4 	5 	
  1.64 	1.64 	1.64 	5.74 	
  0 	0 	-5 	0 	
  1 	1 	1 	1 	

At:
  1 	0 	0 	0 	
  0 	1 	0 	0 	
  -0 	0 	1 	0 	
  0 	0 	0 	1 	

Cumulative:
  1 	0 	0 	0 	
  0 	0.82 	0 	0 	
  0 	0 	1 	0 	
  0 	0 	0 	1 	

Vertices:
  0 	9 	4 	5 	
  1.64 	1.64 	1.64 	5.74 	
  0 	0 	-5 	0 	
  1 	1 	1 	1 	

At:
  1 	0 	0 	0 	
  0 	1 	0 	0 	
  -0 	0 	1 	0 	
  0 	0 	0 	1 	

Cumulative:
  1 	0 	0 	0 	
  0 	0.82 	0 	0 	
  0 	0 	1 	0 	
  0 	0 	0 	1 	

Vertices:
  0 	9 	4 	5 	
  1.64 	1.64 	1.64 	5.74 	
  0 	0 	-5 	0 	
  1 	1 	1 	1 	

At:
  1 	0 	0 	0 	
  0 	1 	0 	0 	
  -0 	0 	1 	0 	
  0 	0 	0 	1 	

Cumulative:
  1 	0 	0 	0 	
  0 	0.82 	0 	0 	
  0 	0 	1 	0 	
  0 	0 	0 	1 	

Vertices:
  0 	9 	4 	5 	
  1.64 	1.64 	1.64 	5.74 	
  0 	0 	-5 	0 	
  1 	1 	1 	1 	

At:
  1 	0 	0 	0 	
  0 	1 	0 	0 	
  -0 	0 	1 	0 	
  0 	0 	0 	1 	

Cumulative:
  1 	0 	0 	0 	
  0 	0.82 	0 	0 	
  0 	0 	1 	0 	
  0 	0 	0 	1 	

Vertices:
  0 	9 	4 	5 	
  1.64 	1.64 	1.64 	5.74 	
  0 	0 	-5 	0 	
  1 	1 	1 	1 	

At:
  1 	0 	0 	0 	
  0 	1 	0 	0 	
  -0 	0 	1 	0 	
  0 	0 	0 	1 	

Cumulative:
  1 	0 	0 	0 	
  0 	0.82 	0 	0 	
  0 	0 	1 	0 	
  0 	0 	0 	1 	

Vertices:
  0 	9 	4 	5 	
  1.64 	1.64 	1.64 	5.74 	
  0 	0 	-5 	0 	
  1 	1 	1 	1 	

At:
  1 	0 	0 	0 	
  0 	1 	0 	0 	
  -0 	0 	1 	0 	
  0 	0 	0 	1 	

Cumulative:
  1 	0 	0 	0 	
  0 	0.82 	0 	0 	
  0 	0 	1 	0 	
  0 	0 	0 	1 	

Vertices:
  0 	9 	4 	5 	
  1.64 	1.64 	1.64 	5.74 	
  0 	0 	-5 	0 	
  1 	1 	1 	1 	

At:
  1 	0 	0 	0 	
  0 	1 	0 	0 	
  -0 	0 	1 	0 	
  0 	0 	0 	1 	

Cumulative:
  1 	0 	0 	0 	
  0 	0.82 	0 	0 	
  0 	0 	1 	0 	
  0 	0 	0 	1 	

Vertices:
  0 	9 	4 	5 	
  1.64 	1.64 	1.64 	5.74 	
  0 	0 	-5 	0 	
  1 	1 	1 	1 	

At:
  1 	0 	0 	0 	
  0 	1 	0 	0 	
  -0 	0 	1 	0 	
  0 	0 	0 	1 	

Cumulative:
  1 	0 	0 	0 	
  0 	0.82 	0 	0 	
  0 	0 	1 	0 	
  0 	0 	0 	1 	

Vertices:
  0 	9 	4 	5 	
  1.64 	1.64 	1.64 	5.74 	
  0 	0 	-5 	0 	
  1 	1 	1 	1 	

At:
  1 	0 	0 	0 	
  0 	1 	0 	0 	
  -0 	0 	1 	0 	
  0 	0 	0 	1 	

Cumulative:
  1 	0 	0 	0 	
  0 	0.82 	0 	0 	
  0 	0 	1 	0 	
  0 	0 	0 	1 	

Vertices:
  0 	9 	4 	5 	
  1.64 	1.64 	1.64 	5.74 	
  0 	0 	-5 	0 	
  1 	1 	1 	1 	

At:
  1 	0 	0 	0 	
  0 	1 	0 	0 	
  -0 	0 	1 	0 	
  0 	0 	0 	1 	

Cumulative:
  1 	0 	0 	0 	
  0 	1 	0 	0 	
  0 	0 	1 	0 	
  0 	0 	0 	1 	

Vertices:
  0 	9 	4 	5 	
  2 	2 	2 	7 	
  0 	0 	-5 	0 	
  1 	1 	1 	1 	

At:
  1 	0 	0 	0 	
  0 	1 	0 	0 	
  -0 	0 	1 	0 	
  0 	0 	0 	1 	

Cumulative:
  1 	0 	0 	0 	
  0 	1 	0 	0 	
  0 	0 	1 	0 	
  0 	0 	0 	1 	

Vertices:
  0 	9 	4 	5 	
  2 	2 	2 	7 	
  0 	0 	-5 	0 	
  1 	1 	1 	1 	

At:
  1 	0 	0 	0 	
  0 	1 	0 	0 	
  -0 	0 	1 	0 	
  0 	0 	0 	1 	

Cumulative:
  1 	0 	0 	0 	
  0 	1 	0 	0 	
  0 	0 	1 	0 	
  0 	0 	0 	1 	

Vertices:
  0 	9 	4 	5 	
  2 	2 	2 	7 	
  0 	0 	-5 	0 	
  1 	1 	1 	1 	

At:
  1 	0 	0 	0 	
  0 	1 	0 	0 	
  -0 	0 	1 	0 	
  0 	0 	0 	1 	

Cumulative:
  1 	0 	0 	0 	
  0 	1 	0 	0 	
  0 	0 	1 	0 	
  0 	0 	0 	1 	

Vertices:
  0 	9 	4 	5 	
  2 	2 	2 	7 	
  0 	0 	-5 	0 	
  1 	1 	1 	1 	

At:
  1 	0 	0 	0 	
  0 	1 	0 	0 	
  -0 	0 	1 	0 	
  0 	0 	0 	1 	

Cumulative:
  1 	0 	0 	0 	
  0 	1 	0 	0 	
  0 	0 	1 	0 	
  0 	0 	0 	1 	

Vertices:
  0 	9 	4 	5 	
  2 	2 	2 	7 	
  0 	0 	-5 	0 	
  1 	1 	1 	1 	

At:
  1 	0 	0 	0 	
  0 	1 	0 	0 	
  -0 	0 	1 	0 	
  0 	0 	0 	1 	

Cumulative:
  1 	0 	0 	0 	
  0 	1 	0 	0 	
  0 	0 	1 	0 	
  0 	0 	0 	1 	

Vertices:
  0 	9 	4 	5 	
  2 	2 	2 	7 	
  0 	0 	-5 	0 	
  1 	1 	1 	1 	

At:
  1 	0 	0 	0 	
  0 	1 	0 	0 	
  -0 	0 	1 	0 	
  0 	0 	0 	1 	

Cumulative:
  1 	0 	0 	0 	
  0 	1 	0 	0 	
  0 	0 	1 	0 	
  0 	0 	0 	1 	

Vertices:
  0 	9 	4 	5 	
  2 	2 	2 	7 	
  0 	0 	-5 	0 	
  1 	1 	1 	1 	

At:
  1 	0 	0 	0 	
  0 	1 	0 	0 	
  -0 	0 	1 	0 	
  0 	0 	0 	1 	

Cumulative:
  1 	0 	0 	0 	
  0 	1 	0 	0 	
  0 	0 	1 	0 	
  0 	0 	0 	1 	

Vertices:
  0 	9 	4 	5 	
  2 	2 	2 	7 	
  0 	0 	-5 	0 	
  1 	1 	1 	1 	

At:
  1 	0 	0 	0 	
  0 	1 	0 	0 	
  -0 	0 	1 	0 	
  0 	0 	0 	1 	

Cumulative:
  1 	0 	0 	0 	
  0 	1 	0 	0 	
  0 	0 	1 	0 	
  0 	0 	0 	1 	

Vertices:
  0 	9 	4 	5 	
  2 	2 	2 	7 	
  0 	0 	-5 	0 	
  1 	1 	1 	1 	

At:
  1 	0 	0 	0 	
  0 	1 	0 	0 	
  -0 	0 	1 	0 	
  0 	0 	0 	1 	

Cumulative:
  1 	0 	0 	0 	
  0 	1 	0 	0 	
  0 	0 	1 	0 	
  0 	0 	0 	1 	

Vertices:
  0 	9 	4 	5 	
  2 	2 	2 	7 	
  0 	0 	-5 	0 	
  1 	1 	1 	1 	

At:
  1 	0 	0 	0 	
  0 	1 	0 	0 	
  -0 	0 	1 	0 	
  0 	0 	0 	1 	

Cumulative:
  1 	0 	0 	0 	
  0 	1 	0 	0 	
  0 	0 	1 	0 	
  0 	0 	0 	1 	

Vertices:
  0 	9 	4 	5 	
  2 	2 	2 	7 	
  0 	0 	-5 	0 	
  1 	1 	1 	1 	

At:
  1 	0 	0 	0 	
  0 	1 	0 	0 	
  -0 	0 	1 	0 	
  0 	0 	0 	1 	

Cumulative:
  1 	0 	0 	0 	
  0 	1 	0 	0 	
  0 	0 	1 	0 	
  0 	0 	0 	1 	

Vertices:
  0 	9 	4 	5 	
  2 	2 	2 	7 	
  0 	0 	-5 	0 	
  1 	1 	1 	1 	

At:
  1 	0 	0 	0 	
  0 	1 	0 	0 	
  -0 	0 	1 	0 	
  0 	0 	0 	1 	

Cumulative:
  1 	0 	0 	0 	
  0 	1 	0 	0 	
  0 	0 	1 	0 	
  0 	0 	0 	1 	

Vertices:
  0 	9 	4 	5 	
  2 	2 	2 	7 	
  0 	0 	-5 	0 	
  1 	1 	1 	1 	

At:
  1 	0 	0 	0 	
  0 	1 	0 	0 	
  -0 	0 	1 	0 	
  0 	0 	0 	1 	

Cumulative:
  1 	0 	0 	0 	
  0 	1 	0 	0 	
  0 	0 	1 	0 	
  0 	0 	0 	1 	

Vertices:
  0 	9 	4 	5 	
  2 	2 	2 	7 	
  0 	0 	-5 	0 	
  1 	1 	1 	1 	

At:
  1 	0 	0 	0 	
  0 	1 	0 	0 	
  -0 	0 	1 	0 	
  0 	0 	0 	1 	

Cumulative:
  1 	0 	0 	0 	
  0 	1 	0 	0 	
  0 	0 	1 	0 	
  0 	0 	0 	1 	

Vertices:
  0 	9 	4 	5 	
  2 	2 	2 	7 	
  0 	0 	-5 	0 	
  1 	1 	1 	1 	

At:
  1 	0 	0 	0 	
  0 	1 	0 	0 	
  -0 	0 	1 	0 	
  0 	0 	0 	1 	

Cumulative:
  1 	0 	0 	0 	
  0 	1 	0 	0 	
  0 	0 	1 	0 	
  0 	0 	0 	1 	

Vertices:
  0 	9 	4 	5 	
  2 	2 	2 	7 	
  0 	0 	-5 	0 	
  1 	1 	1 	1 	

At:
  1 	0 	0 	0 	
  0 	1 	0 	0 	
  -0 	0 	1 	0 	
  0 	0 	0 	1 	

Cumulative:
  1 	0 	0 	0 	
  0 	1 	0 	0 	
  0 	0 	1 	0 	
  0 	0 	0 	1 	

Vertices:
  0 	9 	4 	5 	
  2 	2 	2 	7 	
  0 	0 	-5 	0 	
  1 	1 	1 	1 	

At:
  1 	0 	0 	0 	
  0 	1 	0 	0 	
  -0 	0 	1 	0 	
  0 	0 	0 	1 	

Cumulative:
  1 	0 	0 	0 	
  0 	1 	0 	0 	
  0 	0 	1 	0 	
  0 	0 	0 	1 	

Vertices:
  0 	9 	4 	5 	
  2 	2 	2 	7 	
  0 	0 	-5 	0 	
  1 	1 	1 	1 	

At:
  1 	0 	0 	0 	
  0 	1 	0 	0 	
  -0 	0 	1 	0 	
  0 	0 	0 	1 	

Cumulative:
  1 	0 	0 	0 	
  0 	1 	0 	0 	
  0 	0 	1 	0 	
  0 	0 	0 	1 	

Vertices:
  0 	9 	4 	5 	
  2 	2 	2 	7 	
  0 	0 	-5 	0 	
  1 	1 	1 	1 	

At:
  1 	0 	0 	0 	
  0 	1 	0 	0 	
  -0 	0 	1 	0 	
  0 	0 	0 	1 	

Cumulative:
  1 	0 	0 	0 	
  0 	1 	0 	0 	
  0 	0 	1 	0 	
  0 	0 	0 	1 	

Vertices:
  0 	9 	4 	5 	
  2 	2 	2 	7 	
  0 	0 	-5 	0 	
  1 	1 	1 	1 	

At:
  1 	0 	0 	0 	
  0 	1 	0 	0 	
  -0 	0 	1 	0 	
  0 	0 	0 	1 	

Cumulative:
  1 	0 	0 	0 	
  0 	1 	0 	0 	
  0 	0 	1 	0 	
  0 	0 	0 	1 	

Vertices:
  0 	9 	4 	5 	
  2 	2 	2 	7 	
  0 	0 	-5 	0 	
  1 	1 	1 	1 	

At:
  1 	0 	0 	0 	
  0 	1 	0 	0 	
  -0 	0 	1 	0 	
  0 	0 	0 	1 	

Cumulative:
  1 	0 	0 	0 	
  0 	1 	0 	0 	
  0 	0 	1 	0 	
  0 	0 	0 	1 	

Vertices:
  0 	9 	4 	5 	
  2 	2 	2 	7 	
  0 	0 	-5 	0 	
  1 	1 	1 	1 	

At:
  0.540302 	0 	-0.841471 	0 	
  0 	1 	0 	0 	
  0.841471 	0 	0.540302 	0 	
  0 	0 	0 	1 	

Cumulative:
  0.540302 	0 	-0.841471 	0 	
  0 	1 	0 	0 	
  0.841471 	0 	0.540302 	0 	
  0 	0 	0 	1 	

Vertices:
  0 	4.86272 	6.36856 	2.70151 	
  2 	2 	2 	7 	
  0 	7.57324 	0.664372 	4.20735 	
  1 	1 	1 	1 	

At:
  0.540302 	0 	-0.841471 	0 	
  0 	1 	0 	0 	
  0.841471 	0 	0.540302 	0 	
  0 	0 	0 	1 	

Cumulative:
  -0.416147 	0 	-0.909297 	0 	
  0 	1 	0 	0 	
  0.909297 	0 	-0.416147 	0 	
  0 	0 	0 	1 	

Vertices:
  0 	-3.74532 	2.8819 	-2.08073 	
  2 	2 	2 	7 	
  0 	8.18368 	5.71792 	4.54649 	
  1 	1 	1 	1 	

At:
  0.540302 	0 	-0.841471 	0 	
  0 	1 	0 	0 	
  0.841471 	0 	0.540302 	0 	
  0 	0 	0 	1 	

Cumulative:
  -0.989992 	0 	-0.14112 	0 	
  0 	1 	0 	0 	
  0.14112 	0 	-0.989992 	0 	
  0 	0 	0 	1 	

Vertices:
  0 	-8.90993 	-3.25437 	-4.94996 	
  2 	2 	2 	7 	
  0 	1.27008 	5.51444 	0.7056 	
  1 	1 	1 	1 	

At:
  0.540302 	0 	-0.841471 	0 	
  0 	1 	0 	0 	
  0.841471 	0 	0.540302 	0 	
  0 	0 	0 	1 	

Cumulative:
  -0.653644 	0 	0.756802 	0 	
  0 	1 	0 	0 	
  -0.756802 	0 	-0.653644 	0 	
  0 	0 	0 	1 	

Vertices:
  0 	-5.88279 	-6.39859 	-3.26822 	
  2 	2 	2 	7 	
  0 	-6.81122 	0.241008 	-3.78401 	
  1 	1 	1 	1 	

At:
  0.540302 	0 	-0.841471 	0 	
  0 	1 	0 	0 	
  0.841471 	0 	0.540302 	0 	
  0 	0 	0 	1 	

Cumulative:
  0.283662 	0 	0.958924 	0 	
  0 	1 	0 	0 	
  -0.958924 	0 	0.283662 	0 	
  0 	0 	0 	1 	

Vertices:
  0 	2.55296 	-3.65997 	1.41831 	
  2 	2 	2 	7 	
  0 	-8.63032 	-5.25401 	-4.79462 	
  1 	1 	1 	1 	

At:
  0.540302 	0 	-0.841471 	0 	
  0 	1 	0 	0 	
  0.841471 	0 	0.540302 	0 	
  0 	0 	0 	1 	

Cumulative:
  0.96017 	0 	0.279415 	0 	
  0 	1 	0 	0 	
  -0.279415 	0 	0.96017 	0 	
  0 	0 	0 	1 	

Vertices:
  0 	8.64153 	2.4436 	4.80085 	
  2 	2 	2 	7 	
  0 	-2.51474 	-5.91851 	-1.39708 	
  1 	1 	1 	1 	

At:
  0.540302 	0 	-0.841471 	0 	
  0 	1 	0 	0 	
  0.841471 	0 	0.540302 	0 	
  0 	0 	0 	1 	

Cumulative:
  0.753902 	0 	-0.656987 	0 	
  0 	1 	0 	0 	
  0.656987 	0 	0.753902 	0 	
  0 	0 	0 	1 	

Vertices:
  0 	6.78512 	6.30054 	3.76951 	
  2 	2 	2 	7 	
  0 	5.91288 	-1.14156 	3.28493 	
  1 	1 	1 	1 	

At:
  0.540302 	0 	-0.841471 	0 	
  0 	1 	0 	0 	
  0.841471 	0 	0.540302 	0 	
  0 	0 	0 	1 	

Cumulative:
  -0.1455 	0 	-0.989358 	0 	
  0 	1 	0 	0 	
  0.989358 	0 	-0.1455 	0 	
  0 	0 	0 	1 	

Vertices:
  0 	-1.3095 	4.36479 	-0.7275 	
  2 	2 	2 	7 	
  0 	8.90422 	4.68493 	4.94679 	
  1 	1 	1 	1 	

At:
  0.540302 	0 	-0.841471 	0 	
  0 	1 	0 	0 	
  0.841471 	0 	0.540302 	0 	
  0 	0 	0 	1 	

Cumulative:
  -0.91113 	0 	-0.412118 	0 	
  0 	1 	0 	0 	
  0.412118 	0 	-0.91113 	0 	
  0 	0 	0 	1 	

Vertices:
  0 	-8.20017 	-1.58393 	-4.55565 	
  2 	2 	2 	7 	
  0 	3.70907 	6.20413 	2.06059 	
  1 	1 	1 	1 	

At:
  0.540302 	0 	-0.841471 	0 	
  0 	1 	0 	0 	
  0.841471 	0 	0.540302 	0 	
  0 	0 	0 	1 	

Cumulative:
  -0.839072 	0 	0.544021 	0 	
  0 	1 	0 	0 	
  -0.544021 	0 	-0.839072 	0 	
  0 	0 	0 	1 	

Vertices:
  0 	-7.55164 	-6.07639 	-4.19536 	
  2 	2 	2 	7 	
  0 	-4.89619 	2.01927 	-2.72011 	
  1 	1 	1 	1 	

At:
  0.540302 	0 	-0.841471 	0 	
  0 	1 	0 	0 	
  0.841471 	0 	0.540302 	0 	
  0 	0 	0 	1 	

Cumulative:
  0.0044257 	0 	0.99999 	0 	
  0 	1 	0 	0 	
  -0.99999 	0 	0.0044257 	0 	
  0 	0 	0 	1 	

Vertices:
  0 	0.0398313 	-4.98225 	0.0221285 	
  2 	2 	2 	7 	
  0 	-8.99991 	-4.02209 	-4.99995 	
  1 	1 	1 	1 	

At:
  0.540302 	0 	-0.841471 	0 	
  0 	1 	0 	0 	
  0.841471 	0 	0.540302 	0 	
  0 	0 	0 	1 	

Cumulative:
  0.843854 	0 	0.536573 	0 	
  0 	1 	0 	0 	
  -0.536573 	0 	0.843854 	0 	
  0 	0 	0 	1 	

Vertices:
  0 	7.59469 	0.692551 	4.21927 	
  2 	2 	2 	7 	
  0 	-4.82916 	-6.36556 	-2.68286 	
  1 	1 	1 	1 	

At:
  0.540302 	0 	-0.841471 	0 	
  0 	1 	0 	0 	
  0.841471 	0 	0.540302 	0 	
  0 	0 	0 	1 	

Cumulative:
  0.907447 	0 	-0.420167 	0 	
  0 	1 	0 	0 	
  0.420167 	0 	0.907447 	0 	
  0 	0 	0 	1 	

Vertices:
  0 	8.16702 	5.73062 	4.53723 	
  2 	2 	2 	7 	
  0 	3.7815 	-2.85657 	2.10084 	
  1 	1 	1 	1 	

At:
  0.540302 	0 	-0.841471 	0 	
  0 	1 	0 	0 	
  0.841471 	0 	0.540302 	0 	
  0 	0 	0 	1 	

Cumulative:
  0.136737 	0 	-0.990607 	0 	
  0 	1 	0 	0 	
  0.990607 	0 	0.136737 	0 	
  0 	0 	0 	1 	

Vertices:
  0 	1.23063 	5.49999 	0.683686 	
  2 	2 	2 	7 	
  0 	8.91547 	3.27874 	4.95304 	
  1 	1 	1 	1 	

At:
  0.540302 	0 	-0.841471 	0 	
  0 	1 	0 	0 	
  0.841471 	0 	0.540302 	0 	
  0 	0 	0 	1 	

Cumulative:
  -0.759688 	0 	-0.650288 	0 	
  0 	1 	0 	0 	
  0.650288 	0 	-0.759688 	0 	
  0 	0 	0 	1 	

Vertices:
  0 	-6.83719 	0.212688 	-3.79844 	
  2 	2 	2 	7 	
  0 	5.85259 	6.39959 	3.25144 	
  1 	1 	1 	1 	

At:
  0.540302 	0 	-0.841471 	0 	
  0 	1 	0 	0 	
  0.841471 	0 	0.540302 	0 	
  0 	0 	0 	1 	

Cumulative:
  -0.957659 	0 	0.287903 	0 	
  0 	1 	0 	0 	
  -0.287903 	0 	-0.957659 	0 	
  0 	0 	0 	1 	

Vertices:
  0 	-8.61894 	-5.27015 	-4.7883 	
  2 	2 	2 	7 	
  0 	-2.59113 	3.63668 	-1.43952 	
  1 	1 	1 	1 	

At:
  0.540302 	0 	0.841471 	0 	
  0 	1 	0 	0 	
  -0.841471 	0 	0.540302 	0 	
  0 	0 	0 	1 	

Cumulative:
  -0.759688 	0 	-0.650288 	0 	
  0 	1 	0 	0 	
  0.650288 	0 	-0.759688 	0 	
  0 	0 	0 	1 	

Vertices:
  0 	-6.83719 	0.212688 	-3.79844 	
  2 	2 	2 	7 	
  0 	5.85259 	6.39959 	3.25144 	
  1 	1 	1 	1 	

At:
  0.540302 	0 	0.841471 	0 	
  0 	1 	0 	0 	
  -0.841471 	0 	0.540302 	0 	
  0 	0 	0 	1 	

Cumulative:
  0.136737 	0 	-0.990607 	0 	
  0 	1 	0 	0 	
  0.990607 	0 	0.136737 	0 	
  0 	0 	0 	1 	

Vertices:
  0 	1.23063 	5.49999 	0.683686 	
  2 	2 	2 	7 	
  0 	8.91547 	3.27874 	4.95304 	
  1 	1 	1 	1 	

At:
  0.540302 	0 	0.841471 	0 	
  0 	1 	0 	0 	
  -0.841471 	0 	0.540302 	0 	
  0 	0 	0 	1 	

Cumulative:
  0.907447 	0 	-0.420167 	0 	
  0 	1 	0 	0 	
  0.420167 	0 	0.907447 	0 	
  0 	0 	0 	1 	

Vertices:
  0 	8.16702 	5.73062 	4.53723 	
  2 	2 	2 	7 	
  0 	3.7815 	-2.85657 	2.10084 	
  1 	1 	1 	1 	

At:
  0.540302 	0 	0.841471 	0 	
  0 	1 	0 	0 	
  -0.841471 	0 	0.540302 	0 	
  0 	0 	0 	1 	

Cumulative:
  0.843854 	0 	0.536573 	0 	
  0 	1 	0 	0 	
  -0.536573 	0 	0.843854 	0 	
  0 	0 	0 	1 	

Vertices:
  0 	7.59469 	0.692551 	4.21927 	
  2 	2 	2 	7 	
  0 	-4.82916 	-6.36556 	-2.68286 	
  1 	1 	1 	1 	

At:
  0.540302 	0 	0.841471 	0 	
  0 	1 	0 	0 	
  -0.841471 	0 	0.540302 	0 	
  0 	0 	0 	1 	

Cumulative:
  0.0044257 	0 	0.99999 	0 	
  0 	1 	0 	0 	
  -0.99999 	0 	0.0044257 	0 	
  0 	0 	0 	1 	

Vertices:
  0 	0.0398313 	-4.98225 	0.0221285 	
  2 	2 	2 	7 	
  0 	-8.99991 	-4.02209 	-4.99995 	
  1 	1 	1 	1 	

At:
  0.540302 	0 	0.841471 	0 	
  0 	1 	0 	0 	
  -0.841471 	0 	0.540302 	0 	
  0 	0 	0 	1 	

Cumulative:
  -0.839072 	0 	0.544021 	0 	
  0 	1 	0 	0 	
  -0.544021 	0 	-0.839072 	0 	
  0 	0 	0 	1 	

Vertices:
  0 	-7.55164 	-6.07639 	-4.19536 	
  2 	2 	2 	7 	
  0 	-4.89619 	2.01927 	-2.72011 	
  1 	1 	1 	1 	

At:
  0.540302 	0 	0.841471 	0 	
  0 	1 	0 	0 	
  -0.841471 	0 	0.540302 	0 	
  0 	0 	0 	1 	

Cumulative:
  -0.91113 	0 	-0.412118 	0 	
  0 	1 	0 	0 	
  0.412118 	0 	-0.91113 	0 	
  0 	0 	0 	1 	

Vertices:
  0 	-8.20017 	-1.58393 	-4.55565 	
  2 	2 	2 	7 	
  0 	3.70907 	6.20413 	2.06059 	
  1 	1 	1 	1 	

At:
  0.540302 	0 	0.841471 	0 	
  0 	1 	0 	0 	
  -0.841471 	0 	0.540302 	0 	
  0 	0 	0 	1 	

Cumulative:
  -0.1455 	0 	-0.989358 	0 	
  0 	1 	0 	0 	
  0.989358 	0 	-0.1455 	0 	
  0 	0 	0 	1 	

Vertices:
  0 	-1.3095 	4.36479 	-0.7275 	
  2 	2 	2 	7 	
  0 	8.90422 	4.68493 	4.94679 	
  1 	1 	1 	1 	

At:
  0.540302 	0 	0.841471 	0 	
  0 	1 	0 	0 	
  -0.841471 	0 	0.540302 	0 	
  0 	0 	0 	1 	

Cumulative:
  0.753902 	0 	-0.656987 	0 	
  0 	1 	0 	0 	
  0.656987 	0 	0.753902 	0 	
  0 	0 	0 	1 	

Vertices:
  0 	6.78512 	6.30054 	3.76951 	
  2 	2 	2 	7 	
  0 	5.91288 	-1.14156 	3.28493 	
  1 	1 	1 	1 	

At:
  0.540302 	0 	0.841471 	0 	
  0 	1 	0 	0 	
  -0.841471 	0 	0.540302 	0 	
  0 	0 	0 	1 	

Cumulative:
  0.96017 	0 	0.279415 	0 	
  0 	1 	0 	0 	
  -0.279415 	0 	0.96017 	0 	
  0 	0 	0 	1 	

Vertices:
  0 	8.64153 	2.4436 	4.80085 	
  2 	2 	2 	7 	
  0 	-2.51474 	-5.91851 	-1.39708 	
  1 	1 	1 	1 	

At:
  0.540302 	0 	0.841471 	0 	
  0 	1 	0 	0 	
  -0.841471 	0 	0.540302 	0 	
  0 	0 	0 	1 	

Cumulative:
  0.283662 	0 	0.958924 	0 	
  0 	1 	0 	0 	
  -0.958924 	0 	0.283662 	0 	
  0 	0 	0 	1 	

Vertices:
  0 	2.55296 	-3.65997 	1.41831 	
  2 	2 	2 	7 	
  0 	-8.63032 	-5.25401 	-4.79462 	
  1 	1 	1 	1 	

At:
  0.540302 	0 	0.841471 	0 	
  0 	1 	0 	0 	
  -0.841471 	0 	0.540302 	0 	
  0 	0 	0 	1 	

Cumulative:
  -0.653644 	0 	0.756802 	0 	
  0 	1 	0 	0 	
  -0.756802 	0 	-0.653644 	0 	
  0 	0 	0 	1 	

Vertices:
  0 	-5.88279 	-6.39859 	-3.26822 	
  2 	2 	2 	7 	
  0 	-6.81122 	0.241008 	-3.78401 	
  1 	1 	1 	1 	

At:
  0.540302 	0 	0.841471 	0 	
  0 	1 	0 	0 	
  -0.841471 	0 	0.540302 	0 	
  0 	0 	0 	1 	

Cumulative:
  -0.989992 	0 	-0.14112 	0 	
  0 	1 	0 	0 	
  0.14112 	0 	-0.989992 	0 	
  0 	0 	0 	1 	

Vertices:
  0 	-8.90993 	-3.25437 	-4.94996 	
  2 	2 	2 	7 	
  0 	1.27008 	5.51444 	0.7056 	
  1 	1 	1 	1 	

At:
  0.540302 	0 	0.841471 	0 	
  0 	1 	0 	0 	
  -0.841471 	0 	0.540302 	0 	
  0 	0 	0 	1 	

Cumulative:
  -0.416147 	0 	-0.909297 	0 	
  0 	1 	0 	0 	
  0.909297 	0 	-0.416147 	0 	
  0 	0 	0 	1 	

Vertices:
  0 	-3.74532 	2.8819 	-2.08073 	
  2 	2 	2 	7 	
  0 	8.18368 	5.71792 	4.54649 	
  1 	1 	1 	1 	

At:
  0.540302 	0 	0.841471 	0 	
  0 	1 	0 	0 	
  -0.841471 	0 	0.540302 	0 	
  0 	0 	0 	1 	

Cumulative:
  0.540302 	0 	-0.841471 	0 	
  0 	1 	0 	0 	
  0.841471 	0 	0.540302 	0 	
  0 	0 	0 	1 	

Vertices:
  0 	4.86272 	6.36856 	2.70151 	
  2 	2 	2 	7 	
  0 	7.57324 	0.664372 	4.20735 	
  1 	1 	1 	1 	

At:
  0.540302 	0 	0.841471 	0 	
  0 	1 	0 	0 	
  -0.841471 	0 	0.540302 	0 	
  0 	0 	0 	1 	

Cumulative:
  1 	0 	2.22045e-16 	0 	
  0 	1 	0 	0 	
  -2.22045e-16 	0 	1 	0 	
  0 	0 	0 	1 	

Vertices:
  0 	9 	4 	5 	
  2 	2 	2 	7 	
  0 	-1.9984e-15 	-5 	-1.11022e-15 	
  1 	1 	1 	1 	

At:
  0.540302 	0 	0.841471 	0 	
  0 	1 	0 	0 	
  -0.841471 	0 	0.540302 	0 	
  0 	0 	0 	1 	

Cumulative:
  0.540302 	0 	0.841471 	0 	
  0 	1 	0 	0 	
  -0.841471 	0 	0.540302 	0 	
  0 	0 	0 	1 	

Vertices:
  0 	4.86272 	-2.04615 	2.70151 	
  2 	2 	2 	7 	
  0 	-7.57324 	-6.0674 	-4.20735 	
  1 	1 	1 	1 	

At:
  0.540302 	0 	0.841471 	0 	
  0 	1 	0 	0 	
  -0.841471 	0 	0.540302 	0 	
  0 	0 	0 	1 	

Cumulative:
  -0.416147 	0 	0.909297 	0 	
  0 	1 	0 	0 	
  -0.909297 	0 	-0.416147 	0 	
  0 	0 	0 	1 	

Vertices:
  0 	-3.74532 	-6.21107 	-2.08073 	
  2 	2 	2 	7 	
  0 	-8.18368 	-1.55646 	-4.54649 	
  1 	1 	1 	1 	

At:
  0.540302 	0 	0.841471 	0 	
  0 	1 	0 	0 	
  -0.841471 	0 	0.540302 	0 	
  0 	0 	0 	1 	

Cumulative:
  -0.989992 	0 	0.14112 	0 	
  0 	1 	0 	0 	
  -0.14112 	0 	-0.989992 	0 	
  0 	0 	0 	1 	

Vertices:
  0 	-8.90993 	-4.66557 	-4.94996 	
  2 	2 	2 	7 	
  0 	-1.27008 	4.38548 	-0.7056 	
  1 	1 	1 	1 	

At:
  0.540302 	0 	0.841471 	0 	
  0 	1 	0 	0 	
  -0.841471 	0 	0.540302 	0 	
  0 	0 	0 	1 	

Cumulative:
  -0.653644 	0 	-0.756802 	0 	
  0 	1 	0 	0 	
  0.756802 	0 	-0.653644 	0 	
  0 	0 	0 	1 	

Vertices:
  0 	-5.88279 	1.16944 	-3.26822 	
  2 	2 	2 	7 	
  0 	6.81122 	6.29543 	3.78401 	
  1 	1 	1 	1 	

At:
  0.540302 	0 	0.841471 	0 	
  0 	1 	0 	0 	
  -0.841471 	0 	0.540302 	0 	
  0 	0 	0 	1 	

Cumulative:
  0.283662 	0 	-0.958924 	0 	
  0 	1 	0 	0 	
  0.958924 	0 	0.283662 	0 	
  0 	0 	0 	1 	

Vertices:
  0 	2.55296 	5.92927 	1.41831 	
  2 	2 	2 	7 	
  0 	8.63032 	2.41739 	4.79462 	
  1 	1 	1 	1 	

At:
  0.540302 	0 	0.841471 	0 	
  0 	1 	0 	0 	
  -0.841471 	0 	0.540302 	0 	
  0 	0 	0 	1 	

Cumulative:
  0.96017 	0 	-0.279415 	0 	
  0 	1 	0 	0 	
  0.279415 	0 	0.96017 	0 	
  0 	0 	0 	1 	

Vertices:
  0 	8.64153 	5.23776 	4.80085 	
  2 	2 	2 	7 	
  0 	2.51474 	-3.68319 	1.39708 	
  1 	1 	1 	1 	

At:
  0.540302 	0 	0.841471 	0 	
  0 	1 	0 	0 	
  -0.841471 	0 	0.540302 	0 	
  0 	0 	0 	1 	

Cumulative:
  0.753902 	0 	0.656987 	0 	
  0 	1 	0 	0 	
  -0.656987 	0 	0.753902 	0 	
  0 	0 	0 	1 	

Vertices:
  0 	6.78512 	-0.269324 	3.76951 	
  2 	2 	2 	7 	
  0 	-5.91288 	-6.39746 	-3.28493 	
  1 	1 	1 	1 	

At:
  0.540302 	0 	0.841471 	0 	
  0 	1 	0 	0 	
  -0.841471 	0 	0.540302 	0 	
  0 	0 	0 	1 	

Cumulative:
  -0.1455 	0 	0.989358 	0 	
  0 	1 	0 	0 	
  -0.989358 	0 	-0.1455 	0 	
  0 	0 	0 	1 	

Vertices:
  0 	-1.3095 	-5.52879 	-0.7275 	
  2 	2 	2 	7 	
  0 	-8.90422 	-3.22993 	-4.94679 	
  1 	1 	1 	1 	

At:
  0.540302 	0 	0.841471 	0 	
  0 	1 	0 	0 	
  -0.841471 	0 	0.540302 	0 	
  0 	0 	0 	1 	

Cumulative:
  -0.91113 	0 	0.412118 	0 	
  0 	1 	0 	0 	
  -0.412118 	0 	-0.91113 	0 	
  0 	0 	0 	1 	

Vertices:
  0 	-8.20017 	-5.70511 	-4.55565 	
  2 	2 	2 	7 	
  0 	-3.70907 	2.90718 	-2.06059 	
  1 	1 	1 	1 	

At:
  0.540302 	0 	0.841471 	0 	
  0 	1 	0 	0 	
  -0.841471 	0 	0.540302 	0 	
  0 	0 	0 	1 	

Cumulative:
  -0.839072 	0 	-0.544021 	0 	
  0 	1 	0 	0 	
  0.544021 	0 	-0.839072 	0 	
  0 	0 	0 	1 	

Vertices:
  0 	-7.55164 	-0.636181 	-4.19536 	
  2 	2 	2 	7 	
  0 	4.89619 	6.37144 	2.72011 	
  1 	1 	1 	1 	

At:
  0.540302 	0 	0.841471 	0 	
  0 	1 	0 	0 	
  -0.841471 	0 	0.540302 	0 	
  0 	0 	0 	1 	

Cumulative:
  0.0044257 	0 	-0.99999 	0 	
  0 	1 	0 	0 	
  0.99999 	0 	0.0044257 	0 	
  0 	0 	0 	1 	

Vertices:
  0 	0.0398313 	5.01765 	0.0221285 	
  2 	2 	2 	7 	
  0 	8.99991 	3.97783 	4.99995 	
  1 	1 	1 	1 	

At:
  0.540302 	0 	0.841471 	0 	
  0 	1 	0 	0 	
  -0.841471 	0 	0.540302 	0 	
  0 	0 	0 	1 	

Cumulative:
  0.843854 	0 	-0.536573 	0 	
  0 	1 	0 	0 	
  0.536573 	0 	0.843854 	0 	
  0 	0 	0 	1 	

Vertices:
  0 	7.59469 	6.05828 	4.21927 	
  2 	2 	2 	7 	
  0 	4.82916 	-2.07298 	2.68286 	
  1 	1 	1 	1 	

At:
  0.540302 	0 	0.841471 	0 	
  0 	1 	0 	0 	
  -0.841471 	0 	0.540302 	0 	
  0 	0 	0 	1 	

Cumulative:
  0.907447 	0 	0.420167 	0 	
  0 	1 	0 	0 	
  -0.420167 	0 	0.907447 	0 	
  0 	0 	0 	1 	

Vertices:
  0 	8.16702 	1.52895 	4.53723 	
  2 	2 	2 	7 	
  0 	-3.7815 	-6.2179 	-2.10084 	
  1 	1 	1 	1 	

At:
  0.540302 	0 	0.841471 	0 	
  0 	1 	0 	0 	
  -0.841471 	0 	0.540302 	0 	
  0 	0 	0 	1 	

Cumulative:
  0.136737 	0 	0.990607 	0 	
  0 	1 	0 	0 	
  -0.990607 	0 	0.136737 	0 	
  0 	0 	0 	1 	

Vertices:
  0 	1.23063 	-4.40609 	0.683686 	
  2 	2 	2 	7 	
  0 	-8.91547 	-4.64612 	-4.95304 	
  1 	1 	1 	1 	

At:
  0.540302 	0 	0.841471 	0 	
  0 	1 	0 	0 	
  -0.841471 	0 	0.540302 	0 	
  0 	0 	0 	1 	

Cumulative:
  -0.759688 	0 	0.650288 	0 	
  0 	1 	0 	0 	
  -0.650288 	0 	-0.759688 	0 	
  0 	0 	0 	1 	

Vertices:
  0 	-6.83719 	-6.29019 	-3.79844 	
  2 	2 	2 	7 	
  0 	-5.85259 	1.19729 	-3.25144 	
  1 	1 	1 	1 	

At:
  0.540302 	0 	0.841471 	0 	
  0 	1 	0 	0 	
  -0.841471 	0 	0.540302 	0 	
  0 	0 	0 	1 	

Cumulative:
  -0.957659 	0 	-0.287903 	0 	
  0 	1 	0 	0 	
  0.287903 	0 	-0.957659 	0 	
  0 	0 	0 	1 	

Vertices:
  0 	-8.61894 	-2.39112 	-4.7883 	
  2 	2 	2 	7 	
  0 	2.59113 	5.93991 	1.43952 	
  1 	1 	1 	1 	

At:
  0.540302 	0 	0.841471 	0 	
  0 	1 	0 	0 	
  -0.841471 	0 	0.540302 	0 	
  0 	0 	0 	1 	

Cumulative:
  -0.275163 	0 	-0.961397 	0 	
  0 	1 	0 	0 	
  0.961397 	0 	-0.275163 	0 	
  0 	0 	0 	1 	

Vertices:
  0 	-2.47647 	3.70633 	-1.37582 	
  2 	2 	2 	7 	
  0 	8.65258 	5.22141 	4.80699 	
  1 	1 	1 	1 	

At:
  0.540302 	0 	0.841471 	0 	
  0 	1 	0 	0 	
  -0.841471 	0 	0.540302 	0 	
  0 	0 	0 	1 	

Cumulative:
  0.660317 	0 	-0.750987 	0 	
  0 	1 	0 	0 	
  0.750987 	0 	0.660317 	0 	
  0 	0 	0 	1 	

Vertices:
  0 	5.94285 	6.3962 	3.30158 	
  2 	2 	2 	7 	
  0 	6.75889 	-0.297635 	3.75494 	
  1 	1 	1 	1 	

At:
  0.540302 	0 	0.841471 	0 	
  0 	1 	0 	0 	
  -0.841471 	0 	0.540302 	0 	
  0 	0 	0 	1 	

Cumulative:
  0.988705 	0 	0.149877 	0 	
  0 	1 	0 	0 	
  -0.149877 	0 	0.988705 	0 	
  0 	0 	0 	1 	

Vertices:
  0 	8.89834 	3.20543 	4.94352 	
  2 	2 	2 	7 	
  0 	-1.34889 	-5.54303 	-0.749386 	
  1 	1 	1 	1 	

At:
  0.540302 	0 	0.841471 	0 	
  0 	1 	0 	0 	
  -0.841471 	0 	0.540302 	0 	
  0 	0 	0 	1 	

Cumulative:
  0.408082 	0 	0.912945 	0 	
  0 	1 	0 	0 	
  -0.912945 	0 	0.408082 	0 	
  0 	0 	0 	1 	

Vertices:
  0 	3.67274 	-2.9324 	2.04041 	
  2 	2 	2 	7 	
  0 	-8.21651 	-5.69219 	-4.56473 	
  1 	1 	1 	1 	

At:
  0.540302 	0 	0.841471 	0 	
  0 	1 	0 	0 	
  -0.841471 	0 	0.540302 	0 	
  0 	0 	0 	1 	

Cumulative:
  -0.547729 	0 	0.836656 	0 	
  0 	1 	0 	0 	
  -0.836656 	0 	-0.547729 	0 	
  0 	0 	0 	1 	

Vertices:
  0 	-4.92956 	-6.3742 	-2.73865 	
  2 	2 	2 	7 	
  0 	-7.5299 	-0.607976 	-4.18328 	
  1 	1 	1 	1 	

At:
  0.540302 	0 	0.841471 	0 	
  0 	1 	0 	0 	
  -0.841471 	0 	0.540302 	0 	
  0 	0 	0 	1 	

Cumulative:
  -0.999961 	0 	-0.00885131 	0 	
  0 	1 	0 	0 	
  0.00885131 	0 	-0.999961 	0 	
  0 	0 	0 	1 	

Vertices:
  0 	-8.99965 	-3.95559 	-4.9998 	
  2 	2 	2 	7 	
  0 	0.0796618 	5.03521 	0.0442565 	
  1 	1 	1 	1 	

At:
  0.540302 	0 	0.841471 	0 	
  0 	1 	0 	0 	
  -0.841471 	0 	0.540302 	0 	
  0 	0 	0 	1 	

Cumulative:
  -0.532833 	0 	-0.84622 	0 	
  0 	1 	0 	0 	
  0.84622 	0 	-0.532833 	0 	
  0 	0 	0 	1 	

Vertices:
  0 	-4.7955 	2.09977 	-2.66417 	
  2 	2 	2 	7 	
  0 	7.61598 	6.04905 	4.2311 	
  1 	1 	1 	1 	

At:
  0.540302 	0 	0.841471 	0 	
  0 	1 	0 	0 	
  -0.841471 	0 	0.540302 	0 	
  0 	0 	0 	1 	

Cumulative:
  0.424179 	0 	-0.905578 	0 	
  0 	1 	0 	0 	
  0.905578 	0 	0.424179 	0 	
  0 	0 	0 	1 	

Vertices:
  0 	3.81761 	6.22461 	2.1209 	
  2 	2 	2 	7 	
  0 	8.15021 	1.50142 	4.52789 	
  1 	1 	1 	1 	

At:
  0.540302 	0 	0.841471 	0 	
  0 	1 	0 	0 	
  -0.841471 	0 	0.540302 	0 	
  0 	0 	0 	1 	

Cumulative:
  0.991203 	0 	-0.132352 	0 	
  0 	1 	0 	0 	
  0.132352 	0 	0.991203 	0 	
  0 	0 	0 	1 	

Vertices:
  0 	8.92083 	4.62657 	4.95601 	
  2 	2 	2 	7 	
  0 	1.19117 	-4.42661 	0.661759 	
  1 	1 	1 	1 	

At:
  0.540302 	0 	0.841471 	0 	
  0 	1 	0 	0 	
  -0.841471 	0 	0.540302 	0 	
  0 	0 	0 	1 	

Cumulative:
  0.646919 	0 	0.762558 	0 	
  0 	1 	0 	0 	
  -0.762558 	0 	0.646919 	0 	
  0 	0 	0 	1 	

Vertices:
  0 	5.82227 	-1.22511 	3.2346 	
  2 	2 	2 	7 	
  0 	-6.86303 	-6.28483 	-3.81279 	
  1 	1 	1 	1 	

At:
  0.540302 	0 	0.841471 	0 	
  0 	1 	0 	0 	
  -0.841471 	0 	0.540302 	0 	
  0 	0 	0 	1 	

Cumulative:
  -0.292139 	0 	0.956376 	0 	
  0 	1 	0 	0 	
  -0.956376 	0 	-0.292139 	0 	
  0 	0 	0 	1 	

Vertices:
  0 	-2.62925 	-5.95043 	-1.46069 	
  2 	2 	2 	7 	
  0 	-8.60738 	-2.36481 	-4.78188 	
  1 	1 	1 	1 	

At:
  0.540302 	0 	0.841471 	0 	
  0 	1 	0 	0 	
  -0.841471 	0 	0.540302 	0 	
  0 	0 	0 	1 	

Cumulative:
  -0.962606 	0 	0.270906 	0 	
  0 	1 	0 	0 	
  -0.270906 	0 	-0.962606 	0 	
  0 	0 	0 	1 	

Vertices:
  0 	-8.66345 	-5.20495 	-4.81303 	
  2 	2 	2 	7 	
  0 	-2.43815 	3.72941 	-1.35453 	
  1 	1 	1 	1 	

At:
  0.540302 	0 	0.841471 	0 	
  0 	1 	0 	0 	
  -0.841471 	0 	0.540302 	0 	
  0 	0 	0 	1 	

Cumulative:
  -0.748058 	0 	-0.663634 	0 	
  0 	1 	0 	0 	
  0.663634 	0 	-0.748058 	0 	
  0 	0 	0 	1 	

